x = 0:360/(1024-2):360; 
y = 325*sin((2*3.14159/360)*x);
plot(x,y);
grid on


***********************************************************

1024 puntos.
-------------------------

0.0000000000, 0.0061478869, 0.0122955414, 0.0184427312, 0.0245892240, 0.0307347873, 0.0368791890, 0.0430221967, 0.0491635783, 0.0553031017, 0.0614405348, 0.0675756457, 0.0737082024, 0.0798379732, 0.0859647263, 0.0920882303, 0.0982082535, 0.1043245649, 0.1104369331, 0.1165451271, 0.1226489161, 0.1287480693, 0.1348423563, 0.1409315466, 0.1470154102, 0.1530937170, 0.1591662374, 0.1652327418, 0.1712930009, 0.1773467857, 0.1833938673, 0.1894340172, 0.1954670071, 0.2014926090, 0.2075105951, 0.2135207379, 0.2195228103, 0.2255165854, 0.2315018367, 0.2374783380, 0.2434458633, 0.2494041871, 0.2553530842, 0.2612923298, 0.2672216994, 0.2731409688, 0.2790499143, 0.2849483126, 0.2908359408, 0.2967125763, 0.3025779969, 0.3084319811, 0.3142743075, 0.3201047553, 0.3259231042, 0.3317291342, 0.3375226259, 0.3433033602, 0.3490711188, 0.3548256836, 0.3605668370, 0.3662943622, 0.3720080426, 0.3777076623, 0.3833930058, 0.3890638582, 0.3947200052, 0.4003612331, 0.4059873286, 0.4115980790, 0.4171932723, 0.4227726969, 0.4283361421, 0.4338833976, 0.4394142536, 0.4449285011, 0.4504259317, 0.4559063376, 0.4613695117, 0.4668152475, 0.4722433391, 0.4776535814, 0.4830457699, 0.4884197007, 0.4937751708, 0.4991119778, 0.5044299199, 0.5097287961, 0.5150084062, 0.5202685506, 0.5255090304, 0.5307296477, 0.5359302050, 0.5411105058, 0.5462703544, 0.5514095556, 0.5565279153, 0.5616252400, 0.5667013370, 0.5717560145, 0.5767890813, 0.5818003474, 0.5867896232, 0.5917567202, 0.5967014507, 0.6016236277, 0.6065230652, 0.6113995780, 0.6162529819, 0.6210830933, 0.6258897298, 0.6306727095, 0.6354318518, 0.6401669768, 0.6448779054, 0.6495644597, 0.6542264625, 0.6588637375, 0.6634761096, 0.6680634044, 0.6726254484, 0.6771620694, 0.6816730957, 0.6861583569, 0.6906176834, 0.6950509068, 0.6994578594, 0.7038383747, 0.7081922872, 0.7125194321, 0.7168196461, 0.7210927665, 0.7253386319, 0.7295570817, 0.7337479566, 0.7379110981, 0.7420463489, 0.7461535526, 0.7502325540, 0.7542831991, 0.7583053345, 0.7622988084, 0.7662634698, 0.7701991689, 0.7741057568, 0.7779830859, 0.7818310098, 0.7856493828, 0.7894380608, 0.7931969004, 0.7969257598, 0.8006244978, 0.8042929747, 0.8079310518, 0.8115385917, 0.8151154580, 0.8186615155, 0.8221766301, 0.8256606690, 0.8291135005, 0.8325349941, 0.8359250206, 0.8392834516, 0.8426101604, 0.8459050211, 0.8491679093, 0.8523987016, 0.8555972759, 0.8587635113, 0.8618972881, 0.8649984879, 0.8680669934, 0.8711026888, 0.8741054592, 0.8770751911, 0.8800117724, 0.8829150919, 0.8857850400, 0.8886215082, 0.8914243893, 0.8941935774, 0.8969289677, 0.8996304570, 0.9022979430, 0.9049313250, 0.9075305034, 0.9100953799, 0.9126258578, 0.9151218412, 0.9175832359, 0.9200099488, 0.9224018882, 0.9247589637, 0.9270810862, 0.9293681680, 0.9316201225, 0.9338368648, 0.9360183109, 0.9381643784, 0.9402749863, 0.9423500547, 0.9443895052, 0.9463932608, 0.9483612456, 0.9502933854, 0.9521896071, 0.9540498389, 0.9558740107, 0.9576620534, 0.9594138995, 0.9611294828, 0.9628087383, 0.9644516028, 0.9660580139, 0.9676279111, 0.9691612350, 0.9706579276, 0.9721179324, 0.9735411942, 0.9749276591, 0.9762772749, 0.9775899904, 0.9788657561, 0.9801045237, 0.9813062464, 0.9824708788, 0.9835983769, 0.9846886981, 0.9857418011, 0.9867576462, 0.9877361949, 0.9886774102, 0.9895812567, 0.9904477001, 0.9912767076, 0.9920682480, 0.9928222913, 0.9935388091, 0.9942177742, 0.9948591609, 0.9954629452, 0.9960291040, 0.9965576160, 0.9970484613, 0.9975016213, 0.9979170788, 0.9982948182, 0.9986348251, 0.9989370868, 0.9992015918, 0.9994283301, 0.9996172932, 0.9997684738, 0.9998818663, 0.9999574665, 0.9999952713, 0.9999952795, 0.9999574909, 0.9998819071, 0.9997685309, 0.9996173666, 0.9994284199, 0.9992016979, 0.9989372092, 0.9986349638, 0.9982949731, 0.9979172500, 0.9975018087, 0.9970486650, 0.9965578360, 0.9960293402, 0.9954631976, 0.9948594297, 0.9942180591, 0.9935391102, 0.9928226087, 0.9920685816, 0.9912770574, 0.9904480660, 0.9895816387, 0.9886778084, 0.9877366092, 0.9867580766, 0.9857422476, 0.9846891607, 0.9835988556, 0.9824713735, 0.9813067571, 0.9801050504, 0.9788662987, 0.9775905490, 0.9762778494, 0.9749282496, 0.9735418005, 0.9721185546, 0.9706585657, 0.9691618889, 0.9676285808, 0.9660586994, 0.9644523040, 0.9628094553, 0.9611302154, 0.9594146478, 0.9576628174, 0.9558747903, 0.9540506341, 0.9521904178, 0.9502942116, 0.9483620873, 0.9463941179, 0.9443903778, 0.9423509426, 0.9402758896, 0.9381652970, 0.9360192448, 0.9338378139, 0.9316210869, 0.9293691476, 0.9270820810, 0.9247599736, 0.9224029131, 0.9200109887, 0.9175842908, 0.9151229111, 0.9126269425, 0.9100964796, 0.9075316178, 0.9049324542, 0.9022990870, 0.8996316157, 0.8969301411, 0.8941947654, 0.8914255919, 0.8886227253, 0.8857862715, 0.8829163378, 0.8800130327, 0.8770764658, 0.8741067481, 0.8711039920, 0.8680683108, 0.8649998194, 0.8618986337, 0.8587648709, 0.8555986495, 0.8524000891, 0.8491693107, 0.8459064364, 0.8426115894, 0.8392848943, 0.8359264770, 0.8325364642, 0.8291149841, 0.8256621661, 0.8221781406, 0.8186630394, 0.8151169952, 0.8115401422, 0.8079326155, 0.8042945515, 0.8006260877, 0.7969273627, 0.7931985164, 0.7894396896, 0.7856510245, 0.7818326642, 0.7779847531, 0.7741074367, 0.7702008613, 0.7662651748, 0.7623005259, 0.7583070644, 0.7542849413, 0.7502343085, 0.7461553193, 0.7420481277, 0.7379128890, 0.7337497595, 0.7295588966, 0.7253404586, 0.7210946050, 0.7168214963, 0.7125212940, 0.7081941606, 0.7038402597, 0.6994597559, 0.6950528146, 0.6906196026, 0.6861602872, 0.6816750372, 0.6771640220, 0.6726274121, 0.6680653789, 0.6634780950, 0.6588657337, 0.6542284694, 0.6495664772, 0.6448799335, 0.6401690153, 0.6354339008, 0.6306747688, 0.6258917993, 0.6210851731, 0.6162550717, 0.6114016779, 0.6065251750, 0.6016257473, 0.5967035801, 0.5917588593, 0.5867917719, 0.5818025056, 0.5767912490, 0.5717581915, 0.5667035233, 0.5616274355, 0.5565301200, 0.5514117693, 0.5462725770, 0.5411127374, 0.5359324453, 0.5307318967, 0.5255112880, 0.5202708167, 0.5150106808, 0.5097310791, 0.5044322112, 0.4991142772, 0.4937774784, 0.4884220163, 0.4830480933, 0.4776559127, 0.4722456781, 0.4668175942, 0.4613718660, 0.4559086994, 0.4504283009, 0.4449308776, 0.4394166373, 0.4338857884, 0.4283385400, 0.4227751017, 0.4171956839, 0.4116004974, 0.4059897536, 0.4003636647, 0.3947224434, 0.3890663027, 0.3833954566, 0.3777101193, 0.3720105058, 0.3662968314, 0.3605693121, 0.3548281645, 0.3490736055, 0.3433058525, 0.3375251237, 0.3317316375, 0.3259256129, 0.3201072693, 0.3142768267, 0.3084345053, 0.3025805261, 0.2967151104, 0.2908384797, 0.2849508562, 0.2790524625, 0.2731435215, 0.2672242565, 0.2612948912, 0.2553556499, 0.2494067568, 0.2434484370, 0.2374809156, 0.2315044182, 0.2255191706, 0.2195253991, 0.2135233303, 0.2075131909, 0.2014952082, 0.1954696095, 0.1894366228, 0.1833964759, 0.1773493972, 0.1712956153, 0.1652353589, 0.1591688572, 0.1530963393, 0.1470180349, 0.1409341737, 0.1348449856, 0.1287507008, 0.1226515496, 0.1165477626, 0.1104395704, 0.1043272040, 0.0982108943, 0.0920908726, 0.0859673701, 0.0798406183, 0.0737108488, 0.0675782932, 0.0614431834, 0.0553057512, 0.0491662287, 0.0430248478, 0.0368818407, 0.0307374396, 0.0245918768, 0.0184453844, 0.0122981948, 0.0061505404, 0.0000026536, -0.0061452334, -0.0122928881, -0.0184400781, -0.0245865712, -0.0307321350, -0.0368765372, -0.0430195456, -0.0491609279, -0.0553004522, -0.0614378863, -0.0675729982, -0.0737055560, -0.0798353280, -0.0859620825, -0.0920855879, -0.0982056128, -0.1043219258, -0.1104342957, -0.1165424916, -0.1226462825, -0.1287454378, -0.1348397269, -0.1409289195, -0.1470127854, -0.1530910947, -0.1591636177, -0.1652301247, -0.1712903866, -0.1773441742, -0.1833912587, -0.1894314117, -0.1954644047, -0.2014900098, -0.2075079992, -0.2135181455, -0.2195202214, -0.2255140002, -0.2314992552, -0.2374757603, -0.2434432895, -0.2494016174, -0.2553505186, -0.2612897684, -0.2672191423, -0.2731384161, -0.2790473661, -0.2849457691, -0.2908334019, -0.2967100422, -0.3025754677, -0.3084294569, -0.3142717884, -0.3201022414, -0.3259205955, -0.3317266309, -0.3375201280, -0.3433008679, -0.3490686321, -0.3548232026, -0.3605643620, -0.3662918931, -0.3720055795, -0.3777052053, -0.3833905550, -0.3890614137, -0.3947175671, -0.4003588015, -0.4059849035, -0.4115956606, -0.4171908606, -0.4227702922, -0.4283337443, -0.4338810068, -0.4394118699, -0.4449261246, -0.4504235625, -0.4559039759, -0.4613671574, -0.4668129008, -0.4722410000, -0.4776512501, -0.4830434464, -0.4884173852, -0.4937728633, -0.4991096784, -0.5044276287, -0.5097265131, -0.5150061316, -0.5202662844, -0.5255067728, -0.5307273986, -0.5359279646, -0.5411082743, -0.5462681317, -0.5514073419, -0.5565257106, -0.5616230444, -0.5666991506, -0.5717538374, -0.5767869136, -0.5817981891, -0.5867874745, -0.5917545811, -0.5966993213, -0.6016215080, -0.6065209554, -0.6113974782, -0.6162508921, -0.6210810136, -0.6258876602, -0.6306706502, -0.6354298028, -0.6401649382, -0.6448758773, -0.6495624422, -0.6542244556, -0.6588617413, -0.6634741242, -0.6680614298, -0.6726234848, -0.6771601168, -0.6816711542, -0.6861564265, -0.6906157643, -0.6950489990, -0.6994559630, -0.7038364897, -0.7081904137, -0.7125175702, -0.7168177958, -0.7210909280, -0.7253368052, -0.7295552669, -0.7337461537, -0.7379093072, -0.7420445700, -0.7461517859, -0.7502307996, -0.7542814569, -0.7583036047, -0.7622970910, -0.7662617648, -0.7701974764, -0.7741040769, -0.7779814187, -0.7818293553, -0.7856477411, -0.7894364319, -0.7931952845, -0.7969241568, -0.8006229078, -0.8042913978, -0.8079294881, -0.8115370412, -0.8151139208, -0.8186599916, -0.8221751196, -0.8256591719, -0.8291120169, -0.8325335241, -0.8359235641, -0.8392820089, -0.8426087314, -0.8459036059, -0.8491665079, -0.8523973141, -0.8555959023, -0.8587621516, -0.8618959425, -0.8649971564, -0.8680656761, -0.8711013856, -0.8741041702, -0.8770739165, -0.8800105120, -0.8829138460, -0.8857838085, -0.8886202912, -0.8914231868, -0.8941923894, -0.8969277944, -0.8996292983, -0.9022967990, -0.9049301957, -0.9075293889, -0.9100942803, -0.9126247730, -0.9151207713, -0.9175821810, -0.9200089089, -0.9224008633, -0.9247579539, -0.9270800915, -0.9293671884, -0.9316191581, -0.9338359156, -0.9360173769, -0.9381634598, -0.9402740829, -0.9423491667, -0.9443886326, -0.9463924036, -0.9483604039, -0.9502925592, -0.9521887964, -0.9540490438, -0.9558732311, -0.9576612895, -0.9594131512, -0.9611287501, -0.9628080214, -0.9644509015, -0.9660573284, -0.9676272414, -0.9691605811, -0.9706572895, -0.9721173101, -0.9735405878, -0.9749270686, -0.9762767003, -0.9775894318, -0.9788652134, -0.9801039970, -0.9813057357, -0.9824703842, -0.9835978983, -0.9846882355, -0.9857413546, -0.9867572157, -0.9877357805, -0.9886770120, -0.9895808746, -0.9904473342, -0.9912763579, -0.9920679145, -0.9928219740, -0.9935385079, -0.9942174892, -0.9948588922, -0.9954626927, -0.9960288677, -0.9965573960, -0.9970482576, -0.9975014338, -0.9979169076, -0.9982946633, -0.9986346865, -0.9989369645, -0.9992014858, -0.9994282404, -0.9996172198, -0.9997684167, -0.9998818255, -0.9999574420, -0.9999952631, -0.9999952876, -0.9999575154, -0.9998819479, -0.9997685880, -0.9996174400, -0.9994285096, -0.9992018039, -0.9989373315, -0.9986351024, -0.9982951280, -0.9979174211, -0.9975019962, -0.9970488687, -0.9965580560, -0.9960295765, -0.9954634501, -0.9948596984, -0.9942183441, -0.9935394114, -0.9928229261, -0.9920689151, -0.9912774071, -0.9904484319, -0.9895820208, -0.9886782066, -0.9877370235, -0.9867585070, -0.9857426941, -0.9846896232, -0.9835993342, -0.9824718682, -0.9813072678, -0.9801055770, -0.9788668414, -0.9775911076, -0.9762784240, -0.9749288401, -0.9735424069, -0.9721191769, -0.9706592038, -0.9691625428, -0.9676292505, -0.9660593849, -0.9644530052, -0.9628101723, -0.9611309481, -0.9594153962, -0.9576635813, -0.9558755698, -0.9540514292, -0.9521912284, -0.9502950378, -0.9483629290, -0.9463949751, -0.9443912504, -0.9423518306, -0.9402767929, -0.9381662157, -0.9360201787, -0.9338387631, -0.9316220513, -0.9293701271, -0.9270830757, -0.9247609834, -0.9224039380, -0.9200120286, -0.9175853457, -0.9151239809, -0.9126280273, -0.9100975792, -0.9075327323, -0.9049335834, -0.9023002310, -0.8996327743, -0.8969313144, -0.8941959533, -0.8914267944, -0.8886239423, -0.8857875031, -0.8829175838, -0.8800142930, -0.8770777404, -0.8741080371, -0.8711052951, -0.8680696282, -0.8650011509, -0.8618999793, -0.8587662305, -0.8556000231, -0.8524014767, -0.8491707121, -0.8459078516, -0.8426130184, -0.8392863371, -0.8359279334, -0.8325379342, -0.8291164676, -0.8256636631, -0.8221796511, -0.8186645632, -0.8151185324, -0.8115416927, -0.8079341792, -0.8042961284, -0.8006276776, -0.7969289657, -0.7932001323, -0.7894413185, -0.7856526662, -0.7818343187, -0.7779864204, -0.7741091165, -0.7702025538, -0.7662668798, -0.7623022434, -0.7583087943, -0.7542866835, -0.7502360630, -0.7461570860, -0.7420499065, -0.7379146799, -0.7337515624, -0.7295607114, -0.7253422853, -0.7210964435, -0.7168233466, -0.7125231559, -0.7081960341, -0.7038421447, -0.6994616523, -0.6950547225, -0.6906215217, -0.6861622176, -0.6816769787, -0.6771659746, -0.6726293757, -0.6680673535, -0.6634800804, -0.6588677299, -0.6542304763, -0.6495684948, -0.6448819616, -0.6401710539, -0.6354359498, -0.6306768281, -0.6258938689, -0.6210872528, -0.6162571616, -0.6114037777, -0.6065272848, -0.6016278669, -0.5967057095, -0.5917609984, -0.5867939206, -0.5818046639, -0.5767934167, -0.5717603686, -0.5667057097, -0.5616296311, -0.5565323247, -0.5514139830, -0.5462747997, -0.5411149689, -0.5359346856, -0.5307341457, -0.5255135457, -0.5202730829, -0.5150129554, -0.5097333621, -0.5044345024, -0.4991165767, -0.4937797859, -0.4884243318, -0.4830504168, -0.4776582440, -0.4722480172, -0.4668199409, -0.4613742203, -0.4559110612, -0.4504306700, -0.4449332540, -0.4394190209, -0.4338881792, -0.4283409378, -0.4227775065, -0.4171980955, -0.4116029157, -0.4059921787, -0.4003660964, -0.3947248815, -0.3890687472, -0.3833979074, -0.3777125763, -0.3720129689, -0.3662993005, -0.3605717872, -0.3548306454, -0.3490760921, -0.3433083448, -0.3375276216, -0.3317341408, -0.3259281216, -0.3201097833, -0.3142793458, -0.3084370295, -0.3025830553, -0.2967176445, -0.2908410186, -0.2849533998, -0.2790550107, -0.2731460741, -0.2672268136, -0.2612974526, -0.2553582155, -0.2494093266, -0.2434510108, -0.2374834933, -0.2315069997, -0.2255217559, -0.2195279880, -0.2135259227, -0.2075157867, -0.2014978073, -0.1954722119, -0.1894392283, -0.1833990845, -0.1773520088, -0.1712982297, -0.1652379760, -0.1591714769, -0.1530989616, -0.1470206597, -0.1409368008, -0.1348476150, -0.1287533323, -0.1226541832, -0.1165503981, -0.1104422078, -0.1043298431, -0.0982135351, -0.0920935149, -0.0859700138, -0.0798432634, -0.0737134951, -0.0675809407, -0.0614458320, -0.0553084008, -0.0491688791, -0.0430274990, -0.0368844925, -0.0307400920, -0.0245945295, -0.0184480375, -0.0123008482, -0.0061531940, -0.0000053072